880
873
126
872
874
885
963
964
987
965
921
1011
1003
124
1337
731
659
3002
937
261
1020
1290
1153
967
1014
715
394
1061
1076
847
81
891
1262
1317
1271
866
701
269
998
1068
940
956
1587
1217
814
824
1202
888
4959
966
1218
1012
1084
4986
912
3299
522
748
1046
670
1601
3303
649
303
4968
763
1230
416
1283
1282
1272
596
1584
1295
995
943
1004
1588
3188
1237
84
1336
397
3187
1210
1299
511
1059
985
654
1268
1225
1351
1522
289
122
1006
326
895
1156
819
830
1028
196
220
147
2785
1276
401
1551
424
725
1600
537
1168
803
523
395
210
1211
82
223
1013
854
886
989
1037
218
460
1226
1180
1027
938
182
1583
1558
839
1598
340
448
1015
442
928
1347
1085
2912
4962
758
137
1596
673
503
102
743
2973
1007
879
1044
2865
478
641
988
254
922
605
1245
1231
139
83
665
826
398
570
730
1273
983
829
876
1293
1300
809
857
1144
656
2787
1559
889
1064
1035
823
290
1070
1355
791
1040
1513
1240
1001
968
1528
759
1338
881
3088
999
291
1224
1077
875
1104
992
1525
1075
1589
1016
1176
1507
1542
913
2907
459
1312
1022
40
224
506
247
1498
997
272
1568
1244
1185
1277
1083
663
191
3189
821
1488
887
150
155
714
1477
732
724
1060
984
3681
655
1216
215
221
1032
1062
760
1422
307
1257
1333
211
265
1249
972
1595
437
1617
1279
109
917
657
1160
581
1152
3286
1036
445
1597
902
660
300
635
1067
217
781
1493
832
279
572
282
258
1585
450
100
1049
1345
1200
580
1041
1220
1278
1128
796
318
20
1449
1458
571
828
894
227
863
990
1291
1193
3155
266
2906
868
1607
3145
375
1523
1241
975
1553
903
1599
718
2855
136
148
1069
1456
140
4965
114
844
278
1234
1353
1314
762
378
1134
595
156
525
1358
244
1025
4206
85
1114
1000
1481
138
554
792
1475
1616
631
87
1533
1406
710
1192
628
788
1340
1252
328
1479
4972
1017
751
1123
1510
1560
1473
1079
259
1048
212
499
1611
1194
243
904
658
1103
1613
594
534
1158
2902
88
1030
919
1043
831
893
304
1066
1054
1051
1089
1362
1023
164
733
561
639
515
882
776
1029
238
825
1354
1462
749
532
765
257
296
6
492
757
939
602
1203
226
1086
709
233
280
556
1405
1052
3150
721
884
815
637
846
264
154
339
1102
281
1031
761
1122
1045
1253
267
271
816
1318
767
1540
785
908
1019
753
852
1478
563
726
232
260
1173
771
693
89
991
1420
883
1324
1034
1330
827
1005
739
728
640
1042
934
4961
474
838
586
786
457
1436
643
4975
270
1552
1174
4461
1154
1550
675
1101
744
1350
145
406
729
1315
1516
1186
90
1047
530
1088
451
856
1352
996
105
932
313
703
662
840
3228
372
942
661
1209
813
396
626
321
1117
4982
855
3288
134
645
149
3290
262
1410
284
108
1328
901
692
1463
338
1311
945
285
716
850
1508
1471
1586
1344
201
425
4966
1494
1303
713
342
1294
627
1137
1569
4
877
869
1417
1603
3291
1072
8
481
1284
349
127
870
1580
671
699
1438
101
251
920
275
456
973
1435
837
234
163
578
1105
501
768
1394
1566
1305
461
1512
390
369
835
38
789
177
2859
418
4970
601
283
458
1342
1313
1615
646
153
428
1270
514
235
593
1053
146
1557
1388
794
822
858
795
722
1130
787
812
1346
734
1487
173
526
1087
335
848
1038
168
116
1348
410
867
183
1274
1429
735
186
387
1323
1443
294
482
696
206
764
1527
754
2975
610
834
738
374
793
1310
360
686
1335
1454
974
1309
405
2705
1265
890
1326
1136
700
202
949
4973
706
1341
336
256
862
707
228
617
560
2905
152
1172
1321
1081
653
1331
4983
977
446
1009
790
208
498
528
509
1356
544
1621
1520
1184
310
590
86
897
624
683
415
1115
241
1457
364
104
806
1120
950
331
745
1610
443
566
1261
329
1078
274
632
1138
527
1169
1343
485
529
1570
277
11
1264
1155
1593
1170
3230
1281
463
429
495
969
426
117
216
493
195
343
209
910
1496
619
558
194
1071
582
1393
165
3194
1374
17
770
1567
1524
344
2982
1162
952
385
1189
356
783
742
91
1110
898
1175
1178
1307
301
268
979
799
422
697
214
607
24
951
1055
133
871
623
2903
213
598
141
1221
1604
878
379
1511
727
1306
433
621
1582
1008
400
1289
842
4976
276
592
287
1050
666
1146
309
1140
1534
708
1445
200
1332
1433
931
843
684
399
143
1442
1581
4980
13
50
3309
1266
750
1556
664
1541
1058
769
647
103
774
667
1543
1106
1147
1472
112
569
1430
1095
933
916
162
1413
538
131
1010
797
861
1124
606
1325
565
1372
19
1366
1404
316
546
909
1133
489
680
892
353
1539
472
346
688
423
860
518
184
199
231
1187
1304
1233
1039
1080
1139
239
1521
1357
242
2979
1275
1526
676
1474
447
1504
1497
190
804
302
539
470
3068
452
520
587
1119
508
513
1126
436
236
1376
1482
1490
1021
1495
517
3229
1618
1461
345
12
642
207
255
1129
1517
1447
158
682
193
777
1554
634
1308
1121
1107
4360
1229
3660
2708
591
438
419
798
1624
252
3285
915
306
1292
427
864
142
366
2977
1033
705
677
1024
1444
1018
599
253
805
1327
1440
435
911
135
292
1380
1
1165
1280
319
115
746
737
669
1529
958
941
1364
361
1453
359
455
4204
151
1459
225
957
3061
1530
1486
475
246
1402
531
494
557
355
3149
1555
1476
553
802
43
540
1065
811
409
413
439
899
712
1368
845
404
1377
1572
597
1491
1161
1285
144
982
3003
4126
4971
1419
1397
851
3
1201
577
559
110
420
479
1113
1451
1427
1602
948
130
334
747
249
1188
717
1452
1056
720
502
1564
7
1386
691
500
833
808
585
1258
1334
393
603
1605
1063
1206
541
970
56
4539
288
551
462
927
3195
1381
694
2897
1400
1389
417
953
1612
1619
1164
311
1157
1414
4440
312
1378
648
575
1432
1423
841
1492
2704
1514
1094
1108
524
486
650
1359
1460
4752
620
604
907
119
384
132
327
308
1288
286
782
1349
644
1509
4963
487
449
784
636
853
1439
918
608
26
1395
113
4967
1148
408
347
679
1002
1375
817
1398
1608
412
704
219
778
1026
900
