823
1136
191
196
757
200
192
822
234
68
1449
1450
2711
193
210
1192
636
190
61
43
1261
1253
1120
184
3287
2882
1392
202
1394
811
857
173
186
345
197
1176
233
756
1570
1494
183
1475
1075
1569
222
1509
360
1614
1304
231
1459
1489
199
1579
414
4360
1451
164
182
1573
195
423
1575
207
433
1577
9
1510
220
221
854
160
1523
1508
1420
1606
362
1584
165
901
1067
773
802
1375
4282
1588
1363
1112
1581
1373
1507
418
790
4126
1554
4974
370
4959
404
1028
1488
286
88
1027
162
1438
1620
534
721
1153
218
1212
3285
1076
4976
359
965
1279
409
276
1019
84
788
1328
1083
306
167
808
227
1040
263
783
4964
2983
83
516
274
188
1434
189
724
1258
736
171
102
926
443
1436
1094
568
279
1474
3286
216
1079
3288
910
288
4975
129
753
745
2713
754
1439
1422
490
420
1266
187
3289
1497
302
660
198
4965
1081
1035
987
1598
1327
720
412
964
893
458
747
2978
630
1287
38
1398
1331
841
596
1514
451
1338
270
894
662
1390
670
1313
4987
1561
562
421
826
1012
1128
257
1015
4204
927
860
1184
298
1440
446
1275
1088
1036
1154
4986
598
1531
934
464
817
1039
564
664
398
106
1453
244
686
524
884
1063
1277
761
1583
1068
1096
991
807
4963
7
4973
1084
1064
4361
1315
758
558
1211
1071
886
194
809
1491
429
1428
1486
571
1335
1152
361
19
731
1284
551
1029
813
631
1526
2977
1307
1024
201
1272
1297
661
1241
714
722
658
1452
949
1170
105
3425
109
1276
972
941
223
784
1477
292
475
