1307
281
2975
132
133
870
228
346
2705
1051
158
1312
1300
1209
1060
1299
201
275
1201
1044
1202
1067
1315
375
1075
113
535
1330
671
3061
285
1192
1052
131
2859
811
287
1042
1102
2790
284
19
1068
771
263
290
1089
1270
283
277
842
1210
1011
1084
745
1035
3004
1250
837
988
571
118
1027
662
276
738
815
1262
266
289
637
809
1056
1085
1059
1402
2973
1176
279
705
261
1082
225
1088
227
1019
1090
890
964
1002
398
878
1015
1004
990
264
1012
4973
267
1338
1028
291
593
963
1017
1249
673
136
265
1106
1278
1038
639
1029
1041
288
1200
1021
1162
1048
879
1087
1036
1597
4965
970
1079
1034
881
1065
1013
226
278
1120
1076
1040
1026
1080
804
661
780
999
1168
868
1037
1276
1283
829
1072
1071
1066
3290
594
1006
1063
1582
1108
3288
1050
1155
893
1033
537
3303
1047
1008
1046
710
1003
1272
1083
2915
282
1023
1064
743
1320
827
137
1032
2983
1086
202
663
894
1152
1005
1161
215
272
1030
1081
1014
991
1581
4987
569
1253
155
776
254
4959
1154
308
1022
256
1596
1057
4128
1281
1554
1045
147
1109
965
1313
968
4976
1039
1391
1061
747
828
4126
140
1275
1211
525
1031
259
860
135
1009
148
466
1353
649
997
1225
372
1053
1295
192
85
1016
1010
1049
1282
605
1601
1103
1153
992
406
1101
300
338
665
647
1452
696
1293
385
835
1203
1000
1007
1001
2979
695
8
1317
1184
224
245
1333
758
1070
1325
1112
886
112
141
877
1170
1284
139
1121
1055
1024
459
156
2978
4982
339
1277
57
862
1244
1025
895
782
503
280
2893
824
726
697
4986
1078
268
1328
3292
1335
214
445
1521
989
1471
437
967
84
880
