874
146
661
3002
968
873
966
571
992
880
451
659
2912
3188
145
901
963
1218
528
767
662
857
142
1027
1361
1582
884
886
1130
152
213
1493
456
823
1056
154
263
453
940
964
440
1169
1088
1616
433
471
872
1339
1044
1300
311
856
1231
900
435
762
182
1512
2787
1105
135
1363
778
1005
1553
538
369
1290
727
310
909
1035
1513
3189
1267
1487
579
1562
908
1500
796
167
1559
1087
1366
264
1076
443
1329
1598
1456
798
594
1622
1359
632
824
1484
108
1392
1037
902
933
1514
373
1552
681
1294
116
371
430
1370
803
1210
867
783
1556
415
1145
795
899
4282
987
1494
692
246
220
3187
1605
1162
204
1355
416
217
4438
1336
897
1532
895
910
1482
1567
1621
336
698
999
4960
1478
3088
920
549
1153
1601
61
192
876
998
402
446
678
1185
1273
1203
761
842
150
378
647
341
222
1595
375
956
807
428
621
147
237
630
431
294
725
592
1176
835
307
666
7
444
1172
95
314
1015
1061
840
105
123
694
156
122
658
1206
833
1357
1041
3089
1568
574
1465
295
1560
287
299
408
924
398
1619
869
201
1163
1606
458
730
1036
500
449
1241
1257
729
1529
301
1019
432
1618
349
965
1168
734
1362
1198
1265
1154
1485
607
1454
1531
1090
1064
153
1250
714
1287
1511
1436
1292
1488
258
257
327
674
1074
1356
810
205
194
679
3299
975
1400
438
1613
388
781
315
1028
1450
665
181
459
