874
3002
661
146
966
873
968
909
992
884
880
901
152
1145
571
1218
2912
1019
1595
900
862
662
447
596
142
869
796
4126
659
963
386
1553
3188
1027
957
1048
3286
940
757
213
1514
154
435
965
1210
454
1487
1458
451
830
145
1512
1056
1040
925
1554
147
1616
1112
1528
1021
863
1105
1499
1464
724
1059
795
1035
1529
412
1087
489
471
1294
1106
374
289
410
102
263
16
1265
2713
823
376
964
1013
211
1473
1055
397
1271
449
101
1500
1153
772
1463
453
725
204
767
1290
92
1559
908
1614
3187
1357
1129
1472
1168
785
1527
886
833
1160
246
417
446
777
1479
590
373
1482
120
336
1613
4282
730
943
924
220
378
673
2914
1052
448
752
956
602
230
1319
1339
897
3291
1510
758
1495
1437
408
73
1031
824
458
10
384
825
1300
1568
1336
939
588
871
159
165
1037
729
1158
3299
106
3290
3216
918
416
186
896
456
694
1015
627
829
356
1039
143
949
430
1361
1036
976
254
734
980
655
745
1589
1161
194
821
203
816
134
4970
149
1062
1362
748
1132
735
1356
987
546
691
457
441
399
1531
201
524
1617
293
948
813
1284
328
1603
237
116
346
1200
1176
1601
133
981
722
288
1564
623
640
126
1530
419
8
733
714
993
1598
540
265
812
1582
1237
1476
400
300
867
1
1061
537
1411
1583
672
999
1605
1462
361
1076
1477
4973
1167
1314
1003
1622
1023
1451
1493
658
743
784
1273
826
235
279
1111
727
468
1496
910
440
872
239
155
803
1597
1060
562
1304
13
1504
572
348
854
1388
23
1526
1438
781
210
261
420
1351
276
988
933
221
1474
354
4959
1085
1192
1299
1127
404
1610
923
185
773
666
163
310
350
1562
774
83
222
926
878
1302
1133
367
1567
709
1347
1355
849
3145
613
156
1387
1230
644
2975
1196
517
1498
144
342
121
425
877
1363
2902
98
1234
7
339
629
1063
424
1321
1586
534
792
1130
1044
695
308
967
866
208
192
1552
574
543
639
285
325
989
643
429
899
415
749
1169
2712
951
1006
556
958
828
1011
847
1266
522
515
566
1466
4968
1329
744
603
380
1231
1088
269
1459
1333
1511
232
228
343
1353
539
234
775
401
77
2785
403
1263
340
1241
333
1520
1135
1257
413
1344
545
1334
1119
664
167
135
1022
2855
885
363
931
698
3088
1328
1193
1350
586
876
751
1149
4960
173
1030
1261
1038
563
1292
248
5
917
478
1016
742
277
278
902
4971
275
379
1502
1461
1352
879
587
844
3065
1204
215
804
338
525
57
891
713
1274
1335
4975
3155
1051
856
1144
226
4963
614
941
1211
762
807
488
937
1457
1057
2883
638
1609
1525
1075
433
2906
611
665
1225
1114
140
1268
423
569
1439
223
290
991
835
982
264
973
1320
1287
1338
465
1558
1069
903
1581
4128
370
99
1565
1532
1615
1043
304
657
815
462
741
887
1202
114
935
763
1400
452
834
409
1201
1312
1070
770
1002
1184
1380
90
620
1282
576
2704
393
1086
125
341
87
375
1297
1138
