1036
1272
1268
594
1054
560
1048
663
1007
696
1045
526
628
1028
1030
267
1032
662
1087
1078
1006
1020
605
1000
224
997
37
1022
1009
998
1300
1043
1
842
1012
1320
1063
105
138
1070
1025
595
503
1081
6
1085
995
999
1060
1278
1074
857
537
262
1057
1047
1073
1034
1071
705
1291
1023
1029
1031
996
223
1033
85
1004
1002
1027
697
1026
1024
1077
673
868
761
1276
2863
1544
1082
1055
1019
891
1280
629
1003
637
828
1021
1088
4961
776
1038
1010
1288
226
1294
829
561
1053
1079
1330
1058
1491
1075
824
1408
977
171
4362
351
771
527
1363
651
858
264
4440
1311
19
1179
1599
1390
428
565
1483
358
116
583
3287
1328
177
1503
762
236
621
1443
1257
4974
250
1263
1090
1192
1084
902
1356
542
1296
398
625
126
1558
1190
1253
1438
1508
732
558
131
353
1445
806
1490
1465
255
4977
1049
485
688
160
451
410
878
