1201
2975
1307
281
870
133
1060
228
131
284
637
1084
283
287
275
118
3004
1210
132
1315
1312
1051
1192
263
282
1011
1044
2973
290
285
2915
705
1075
1042
1067
837
809
1320
1048
1220
1300
1027
1019
279
227
1270
2790
1085
278
569
639
879
261
19
226
1000
276
1330
1200
771
594
4987
8
1111
1087
1262
1104
571
1013
289
375
1033
1064
987
1003
95
291
1338
1040
1031
1023
288
857
265
1047
1080
216
1035
1136
881
113
1026
346
1020
1015
1086
277
1293
110
1058
1012
2978
1498
1160
264
829
999
825
647
811
1274
1102
1052
4973
661
2977
1041
3290
1016
1317
912
1101
503
1105
890
1055
1597
1049
1001
714
256
398
905
340
1005
1193
1004
1596
1038
605
1090
968
662
868
138
266
1137
663
1037
996
474
1082
1153
877
1068
4959
759
1353
213
842
1154
2863
937
307
860
673
1039
804
828
1062
1081
260
1036
1120
1308
1250
2983
466
1169
245
1050
1506
1070
716
1022
1112
148
1103
460
990
1063
1076
964
1061
215
1017
978
1328
1053
1109
712
1073
1083
1521
1455
1416
1088
1325
738
1078
477
105
439
1069
1284
1168
1377
136
1161
595
294
1002
3309
593
1244
578
862
1581
998
1072
815
139
1456
463
1010
1202
745
1162
1045
1335
1014
259
893
1184
1145
272
729
1391
728
997
1595
1009
526
761
1345
896
1065
1046
537
1028
1565
878
1029
965
1176
98
710
969
1007
1319
1213
1174
1163
820
1108
1222
894
254
4965
1155
1313
1337
691
1008
991
1587
1433
992
486
1299
3292
9
1140
963
339
2979
628
1225
425
841
4204
1066
1321
1006
4305
1056
1024
1059
749
251
355
428
966
318
1611
1599
1551
822
861
154
2907
989
824
1021
1435
3293
20
646
1554
1054
1472
286
643
137
725
1275
1089
762
1616
743
3230
1032
1538
135
515
1414
155
1034
1408
1618
1384
1496
1532
488
995
457
1422
976
1283
2837
1566
147
501
827
271
4974
967
4986
796
627
100
1418
936
1622
696
445
218
887
1079
255
1057
2902
695
338
1584
274
1018
4976
267
1276
1336
1124
625
1451
247
3303
223
666
1452
1128
1479
2704
875
559
385
1340
1305
872
4282
1211
1523
3660
1555
397
143
1295
7
4975
321
886
895
459
1316
273
1094
1268
208
1071
846
1290
925
1095
1271
1372
3065
1413
1590
134
1501
777
1106
835
928
491
1582
1510
1464
730
1605
736
763
782
3289
880
758
1617
1278
212
3288
604
1352
303
4980
1463
2893
1
37
1499
424
1209
354
982
1025
1558
471
1606
1092
1253
326
1559
959
1205
620
1520
1144
724
994
697
848
873
790
1216
83
659
629
232
981
1074
2895
122
934
1175
1291
933
883
565
1237
221
1502
3188
1157
892
787
1333
774
1322
520
566
456
269
1449
918
1147
958
1341
1273
3063
225
1141
1424
1152
1528
527
1437
1497
792
1450
795
186
306
2903
410
38
568
954
423
1159
891
831
270
1529
957
1164
1620
983
961
1301
612
130
448
683
975
930
1181
244
372
1203
634
1107
1248
1519
1310
1113
859
665
888
581
1552
757
1231
1491
623
3192
692
3198
3059
1471
1131
791
396
35
82
1399
955
1339
631
948
1457
4206
40
833
798
1349
1601
940
91
258
219
1132
988
1206
1474
1470
760
1376
560
1119
1568
814
2731
1481
677
150
308
1522
1139
770
422
609
490
1402
794
1525
480
832
1351
1396
778
1156
1505
557
938
335
2875
765
602
1461
1534
43
158
1610
1392
885
746
1122
797
362
1332
844
802
1586
