1054
560
1060
526
696
1087
999
1024
537
1272
1300
998
1078
223
1278
1045
1070
662
594
1004
37
1291
1032
1079
267
1085
1057
1028
663
503
605
1036
1020
1030
1006
1009
1000
1021
1026
628
1027
1033
224
673
1043
138
225
842
776
1088
1290
1029
1073
1268
997
1047
1007
6
705
870
1082
629
1022
595
1084
1025
1071
1081
1012
1063
1055
1008
1058
1048
527
1
1018
1053
1266
1015
703
1068
4975
1362
710
7
1031
1034
4974
105
4981
927
1276
1023
4976
1072
1422
266
4596
150
262
1410
278
1292
829
1489
198
1189
791
19
474
228
1075
1477
701
15
1049
1588
120
3002
1416
1462
115
365
231
333
510
1086
4986
651
1501
860
216
1347
127
213
328
1618
883
995
770
93
517
1470
426
1506
862
881
154
781
86
861
1139
128
264
1624
807
1325
1010
1307
443
1294
975
828
442
528
265
429
296
100
996
1488
641
1471
614
993
325
1437
1428
1388
938
336
343
1374
580
38
307
1352
306
935
1002
161
4964
967
4594
