880
126
872
987
884
659
963
874
3002
664
1317
142
885
1249
1290
866
1061
149
830
1153
83
965
1011
181
873
881
223
1003
964
784
922
1059
500
1337
1262
4959
721
152
673
4968
1598
1600
1257
1237
1220
534
1601
3299
879
1283
124
146
914
862
1076
852
1027
966
147
787
978
850
677
763
786
1271
1351
1553
1599
989
1210
85
3088
1596
1138
1085
891
1218
1234
748
1616
3188
939
998
144
781
17
1250
605
984
868
828
82
670
1201
1176
824
847
665
1239
1054
762
1336
938
1217
155
1045
259
801
2907
694
1202
839
1272
718
921
434
415
93
4986
1022
631
1035
4974
854
980
1001
1314
1070
1584
1012
1583
210
1244
812
123
892
88
1278
154
282
1588
861
1052
941
2912
537
890
122
4973
1279
912
1597
218
999
728
1039
1320
1060
220
1338
893
1595
437
739
1046
883
141
889
639
1558
1154
198
1493
719
266
1006
1171
1122
887
913
239
1230
1013
1144
559
1458
1200
234
81
290
1295
1020
4964
1043
1005
940
1245
448
647
157
1587
826
657
213
1062
443
971
1326
525
1146
1487
3060
1130
138
102
1277
591
279
1488
2974
148
2787
1589
973
1014
1068
6
1568
1087
211
209
394
426
991
462
1086
767
1139
89
1016
260
1102
1284
2855
1561
571
20
661
1088
3145
1036
1028
133
654
2982
649
1342
895
1184
1123
1586
289
4206
1525
225
472
967
1224
1004
908
1231
1333
1422
1345
424
136
663
310
995
1063
1196
3303
1163
1147
1282
635
1152
1252
1409
285
2715
247
139
699
128
1233
219
1037
1030
829
1038
930
894
1105
1047
602
375
105
886
1531
269
776
3230
1543
821
214
1193
765
825
1115
1241
953
948
869
255
551
1380
297
264
224
1007
1340
878
1613
690
4965
338
503
1300
1240
1585
459
759
934
848
1325
875
3286
286
981
226
287
1253
593
1203
1031
1404
968
308
623
627
439
556
997
643
1438
120
336
3190
950
760
1211
688
341
1177
1128
1265
1313
988
529
771
1069
1312
1352
1051
1073
291
2785
1420
265
1017
1079
528
1555
257
1590
340
283
957
137
610
1294
284
1077
4983
598
1307
595
1089
460
1512
1526
1048
1476
795
1226
114
1023
461
261
1071
411
1496
299
1470
1083
679
4975
241
446
538
456
4976
1323
561
1064
1506
1024
803
145
1353
1522
638
942
1053
1111
1067
774
853
1355
949
3658
2906
188
983
985
696
867
4960
277
1322
1291
428
215
613
372
1299
2902
1275
410
2704
134
280
764
592
414
813
384
1425
1602
900
736
1117
560
1225
555
926
1339
1216
745
1508
1186
708
901
355
842
233
970
243
190
544
992
1213
816
674
91
1614
815
179
84
1155
1034
1327
1615
212
271
1405
527
1040
1185
1032
877
7
761
272
658
108
3309
733
353
640
1505
703
1554
130
192
990
90
563
833
1078
1131
1456
1015
1430
523
1513
334
1315
693
697
471
1075
3003
542
725
1066
2973
800
1517
230
792
622
732
1477
1565
113
632
994
1124
770
318
156
1090
849
780
1473
1330
101
1120
1556
535
344
871
1042
648
729
398
1375
692
216
183
236
614
458
723
1521
709
1159
1452
420
191
782
737
369
788
1221
485
135
714
140
743
1044
1276
263
1151
793
3061
455
153
1170
1274
856
377
859
1343
1354
392
1268
831
1567
1557
562
1103
569
1424
262
645
362
769
288
662
656
820
514
594
1507
4982
1258
422
1527
629
742
489
754
1459
1464
465
351
637
505
624
378
1302
125
1192
863
307
564
1618
903
590
435
1389
416
557
221
327
201
2858
1551
1080
841
357
827
178
449
4830
4750
319
306
1269
1296
814
227
173
267
882
1318
1423
858
552
1463
700
568
507
453
4284
231
909
902
515
206
278
423
1289
917
163
100
910
180
797
1610
580
175
402
758
4362
427
1303
1169
979
1161
294
756
1446
2975
682
582
97
254
832
796
445
