126
880
873
939
963
149
866
3303
1584
1598
659
1003
965
1582
941
124
664
303
791
1522
1599
894
857
896
1457
899
725
966
814
748
663
649
1262
884
340
141
834
885
561
647
1068
874
1200
1153
990
876
146
1268
3002
901
746
1019
948
847
3290
656
820
1586
715
1007
571
1076
1245
666
1615
967
1239
839
1489
781
1585
1327
265
453
1061
1027
891
1553
523
872
219
614
1265
155
1525
629
142
152
593
1021
1052
1589
467
4959
1588
697
595
232
949
964
392
879
454
1275
824
235
309
461
264
223
1274
1063
14
375
913
991
1295
503
696
828
211
1342
681
312
684
877
227
1322
665
895
1587
1035
1512
717
1083
1554
554
471
539
1312
987
1160
1539
1069
145
243
628
1011
254
940
3189
1016
582
1503
1106
1085
1345
1523
1073
1616
943
3187
1047
1005
139
754
634
510
430
307
1273
1350
1104
154
655
1583
275
882
988
592
1014
1280
556
641
1059
2975
1024
397
785
586
714
3004
1230
935
92
1511
996
1555
668
1343
801
136
585
182
252
1070
1283
1300
1338
848
0
533
931
854
221
4965
609
1299
1067
889
1081
1613
1291
1600
826
270
1028
100
84
845
1202
7
207
643
3232
175
497
989
830
1531
1075
1493
1038
315
993
864
140
657
1103
1078
1055
825
1473
997
220
1060
1478
1560
1533
620
1558
228
636
1552
1040
631
1279
1045
1192
1316
202
215
1079
1449
543
150
3188
240
344
1490
290
1049
1015
20
699
2903
598
272
343
526
4594
862
1328
372
552
605
763
1039
722
599
1159
1054
282
704
1013
1037
200
1352
695
1020
173
750
1062
1114
782
1526
429
133
1176
1264
1163
765
1185
439
4966
1031
1276
398
1226
625
255
737
1138
93
831
1022
802
143
1095
138
1023
4969
1250
1456
1056
1044
760
1488
514
995
1046
1288
247
1354
308
875
1556
412
484
1479
234
2973
3299
241
278
660
868
1263
292
436
420
425
886
148
332
724
1086
893
355
399
1115
1319
1241
662
178
1461
531
756
1071
1032
1394
743
1108
1214
615
1001
210
1480
1161
1596
1008
1278
1524
815
147
189
121
998
1190
867
106
112
214
480
1043
1129
603
755
1144
117
2982
969
410
762
1290
3088
378
1147
574
1105
1472
3287
568
558
1048
4975
905
540
527
723
199
165
735
428
1321
3089
982
285
537
1065
594
277
365
1617
1476
563
535
396
4970
1248
1162
316
836
968
98
1349
132
713
267
1102
786
1135
907
1310
1210
853
910
271
260
1494
1458
803
925
842
226
266
4986
555
3190
1355
1136
1540
515
1053
829
1491
1018
683
975
289
1080
932
1612
1012
1154
205
1333
426
114
1370
1121
673
898
259
999
444
773
3155
103
60
385
1088
1569
793
797
1177
1595
1514
1084
622
979
517
1301
1567
700
827
583
1360
650
903
1292
774
601
567
85
287
808
498
1277
933
3309
761
1495
1058
353
1468
1110
1496
623
494
1009
883
1164
1398
548
920
1305
3230
2897
775
1411
464
203
1597
783
268
4974
261
692
440
1101
3286
984
1518
284
958
229
1336
844
690
1337
580
576
1139
1074
119
1443
349
458
795
1357
973
236
225
291
4973
661
131
1017
4461
1404
394
1528
685
256
88
1358
955
1520
687
784
569
443
437
564
947
1181
446
645
1252
90
870
1438
1418
370
1175
441
806
1566
1475
288
1607
318
135
1424
1331
1559
163
596
738
151
4982
1152
105
871
863
519
922
1440
1506
1414
110
1425
1498
1004
1041
1346
1000
501
364
4962
1339
1351
404
667
427
1287
24
560
417
731
239
957
144
1325
1604
2902
843
366
841
1117
1323
639
1179
445
1307
1361
764
1428
1155
294
1209
1077
1441
3227
800
1374
536
356
1340
985
490
1386
118
1571
492
869
689
1282
137
87
491
302
274
1072
1541
617
796
1313
2858
1188
26
637
642
608
507
926
3229
1107
633
222
942
1184
1212
101
3197
466
688
1221
716
823
1266
1113
745
1244
1334
177
919
1169
912
1572
1492
778
597
251
1445
780
3
1353
611
488
368
1497
1437
565
1450
1482
670
19
794
1324
489
305
400
134
456
499
916
646
486
304
422
1603
1224
856
777
1030
1172
733
1581
1087
705
1029
513
658
193
846
1132
1036
326
40
1387
1272
156
1120
1366
1294
213
1234
379
630
450
810
460
3295
1395
934
1194
579
1344
1519
465
627
3090
306
542
950
269
654
918
710
4
1378
1125
1151
1315
1026
1150
358
153
744
728
721
1459
929
1006
1562
127
1550
747
578
2714
383
1407
481
1348
1123
337
1157
322
244
1347
525
224
1304
158
835
2907
779
1051
2908
897
528
616
740
506
457
169
787
123
190
122
860
1421
4960
166
707
401
790
279
753
1168
1390
113
1140
485
246
909
1033
483
789
1111
433
798
1308
1557
858
1191
500
1620
338
1621
1302
600
752
2731
357
18
570
23
354
850
581
818
1281
462
981
711
431
1193
1130
1568
4963
726
1611
816
632
859
1182
758
613
1249
4972
749
1452
924
832
242
367
1435
1412
362
249
977
463
310
1434
508
572
245
406
892
8
577
575
351
3289
328
37
299
1509
130
3145
346
321
9
1481
1470
1501
505
22
1508
419
164
475
1201
1371
562
2788
280
837
727
2787
1614
741
923
521
915
1426
1427
852
532
432
94
971
1124
1025
257
2729
994
1453
4968
1420
1258
887
1384
972
415
380
180
729
1359
1535
1618
588
1436
107
1002
1576
590
976
674
849
1403
3065
1186
566
1406
951
1383
671
1463
960
547
2704
851
296
434
865
1170
1
231
86
1270
702
1216
2708
757
970
1091
591
1466
167
1229
512
3228
1401
13
157
129
1431
838
980
1376
804
377
819
624
1500
635
679
1131
416
1158
1396
1369
855
1296
1064
2860
109
342
1393
861
675
403
1454
678
478
719
1218
1137
1460
273
1405
405
959
529
1261
1187
888
102
1133
908
311
518
589
1237
3738
1487
293
811
1510
1462
809
1622
325
974
233
1448
413
1253
1293
1092
1134
96
822
49
