2975
870
1044
228
1200
1312
1276
877
281
275
287
920
903
989
286
19
1085
1088
878
1071
158
133
263
118
581
1129
778
1126
1162
1274
1307
1038
1006
1015
1080
1042
72
868
1152
706
1166
875
936
227
1052
1087
1171
1315
879
991
835
1039
927
1184
1079
352
256
844
999
288
909
4965
881
146
226
1472
1008
1520
346
4976
750
132
1063
4974
712
147
1064
1122
704
131
1585
502
1311
782
1186
1104
600
1189
1123
109
1405
713
2718
154
247
424
1047
557
1041
1596
3066
1600
597
138
660
261
126
1040
4964
965
2979
148
308
1025
284
1209
933
988
745
535
1338
872
569
1060
1114
661
1195
1525
1279
1117
1153
4973
140
964
594
84
1202
475
279
1343
639
1485
1062
1241
1157
1012
811
194
890
1154
1322
20
258
725
2902
776
155
220
1086
605
113
501
1031
1193
2980
1327
1016
1268
570
1034
1308
1101
429
1277
1616
637
3065
1302
619
225
255
456
222
1203
1389
318
990
1070
1538
929
1397
629
1510
1014
105
805
1076
2860
880
700
101
887
1352
780
150
1601
1330
1568
1068
944
1023
625
646
846
1159
571
303
1595
1013
503
932
2973
1000
1028
254
894
1244
270
824
4966
688
1313
212
1396
885
1320
893
1303
891
662
251
1194
886
2982
37
692
392
405
1555
386