4987
868
287
4976
1315
281
4975
880
95
802
989
1348
85
275
1200
1093
19
898
1036
877
737
1085
4963
228
735
1201
1152
872
158
803
238
20
637
146
1012
1349
900
1047
569
2982
224
1337
352
2874
825
844
2977
633
745
118
1020
968
375
746
757
576
804
1253
94
105
226
1060
638
1044
318
712
216
227
987
437
225
990
1037
1272
571
214
575
1596
1116
1555
133
139
109
1293
829
93
212
1084
398
132
1160
285
59
870
1220
1184
2715
1163
1015
71
433
131
889
809
1595
273
884
157
1115
1169
223
272
1187
4986
1164
1027
749
1586
1308
1161
147
140
2974
191
1061
881
4982
256
1536
1006
1194
1204
254
1086
321
283
244
148
1352
908
801
991
143
1132
1472
270
1338
1
782
173
288
1013
879
2973
890
1524
1572
760
1551
824
726
1185
416
142
1041
308
276
1312
452
303
1067
875
998
1335
899
671
136
1153
1051
1148
1102
708
1039
883
392
1144
161
1336
215
812
1601
1615
653
1284
1325
1250
259
1157
1154
264
1491
221
1414
289
434
739
135
4965
451
18
138
1007
190
1225
1334
1330
1510
1139
1021
858
353
963
206
949
730
634
815
895
1249
425
263
479
1278
2978
1103
1583
694
904
789
175
639
1359
386
1123
1138
141
1112
891
1439
1035