1044
281
1060
870
228
2975
1200
1088
4973
1276
222
85
1312
1043
1038
223
244
275
879
4974
900
262
877
1249
1307
1059
1338
2874
1322
1160
1209
1039
1154
758
1332
4975
904
1277
286
216
1056
984
136
621
1274
226
867
95
1167
224
282
883
936
990
1201
996
1051
966
2717
684
263
2982
1083
1337
141
1320
868
261
1080
1086
82
2705
1085
637
727
1349
1117
1
1266
728
1327
1031
2973
336
1067
866
1342
880
7
481
284
987
649
19
219
1070
18
587
743
887
602
1022
1336
138
1176
145
559
1177
1149
221
1225
1186
439
714
146
967
307
1042
988
289
1510
1054
276
1005
1511
1220
1250
1101
1102
710
143
139
126
1055
881
198
1104
826
943
605
736
776
722
1114
571
1418
1014
318
385
876
1037
1535
285
1315
4986
1278
259
875
1041
38
266
1076
730
409
1033
989
227
208
646
809
538
225
1474
706
339
1013
1032
287
991
134
1012
849
1006
1597
308
277
811
1611
888
1596
210
1004
459
1369
840
1170
501
201
1390
388
1328
581
1084
855
1281
1454
891
1470
2902
410
1071
547
999
685
140
608
278
267
631
1040
213
1046
600
940
135
264
1316
1389
155
166
1087
716
489
1283
526
688
1378
15
1064
240
88
1146
682
1570
1168
313
1111
1231
908
1184