2711
823
190
191
1136
192
43
1449
757
193
210
2882
1250
1234
196
1394
68
1120
1253
234
756
200
636
725
1398
1583
1269
177
194
1231
1581
821
404
184
1192
183
1474
1614
3289
1509
1570
1510
1475
1459
185
4282
1075
182
1524
181
1112
1494
166
233
755
222
811
4974
2978
3288
1489
857
162
189
1584
209
3287
3286
1176
2983
412
1554
839
414
1465
347
1618
1569
4976
167
161
4126
9
822
1599
1290
663
1588
286
163
850
361
4963
180
1598
1212
4966
281
231
318
1487
500
216
1486
1502
1438
1347
720
362
353
1493
4204
740
1080
135
262
1114
816
90
440
1364
145
965
1523
84
890
202
661
4959
1004
4964
568
1128
4975
843
1028
266
240
1315
854
1521
1441
1582
1024
1016
1434
276
743
274
802
1439
1427
277
562
1083
267
1576
1498
774
1296
1076
88
1444
106
86
1446
996
275
1440
1514
87
1096
1579
1266
1084
214
745
187
3285
263
1035
751
853
966
4360
1027
639
1396
1606
1224
1160
990
8
1220
1059
264
1094
197
1511
1589
1553
877
291
186
1451
1452
788
201
1000
1153
1448
1244
1443
213
790
827
1036
516
2907
1529
238
1246
396
1503
712
964
265
1225
85
698
1210
1162
1313
140
1530
1558
1351
1040
1605
870
1279
1500
1345
1249
707
303
1392
697
1371
630
1376
596
223
1450
709
271
1061
1088
1587
270
1571
3303
652
1203
783
795
842
896
632
1591
1421
1402
1221
1201
1264
1157
38
1019
771
373
1274
681
1366
1241
1087
815
909
1268
444
1607
813
560
355
975
665
1622
616
