1307
2975
281
132
346
870
133
228
1300
1209
2705
1051
1060
1315
275
1299
131
113
1201
201
1312
535
1067
1044
1075
285
811
1192
158
284
501
3004
1004
637
1042
1011
375
276
639
283
290
1084
287
1020
1262
1210
279
261
1102
1035
118
1019
2915
1597
225
809
1076
743
1068
738
705
815
842
19
398
804
878
1089
1083
291
1052
1048
1272
263
1085
662
571
879
1027
848
988
202
1065
1082
278
1200
1270
2973
136
1056
1136
266
1278
282
227
964
3289
1105
730
1046
1330
1064
1079
3318
1202
1087
1074
1310
877
1250
1012
1045
1486
3309
1047
998
663
861
1152
1080
1110
1071
1066
860
1596
3288
1111
1605
265
844
267
1317
1090
1211
1550
1037
1055
890
881
1332
1009
1000
1077
1320
857
134
1520
1050
990
1040
987
215
1069
997
1016
1063
824
1295
1104
989
595
1160
1321
1003
862
184
138
1053
226
254
1018
1031
1022
1041
1088
154
1002
460
256
135
1032
1081
277
1059
1153
37
1015
214
1222
146
661
264
813
1276
1338
893
1014
1062
1007
1039
1036
928
827
289
3290
308
1028
763
1058
1184
140
968
649
6
1103
4959
593
1220
1293
1013
578
1333
1057
999
245
1204
527
1410
224
1244
1017
1026
1154
1061
996
4966
1231
1120
1024
1188
503
1284
895
1595
594
1107
1234
110
255
340
139
1230
884
2983
3303
1010
1023
1398
695
771
1034
1038
270
1221
758
696
791
904
1280
4973
1427
1325
429
1584
213
1177
271
339
1551
148
259
728
745
963
338
247
776
4975
635
917
150
1106
1144
697
1145
1029
4987
414
1611
769
1005
802
82
1464
1030
109
459
762
1277
1599
1598
1208
991
729
313
894
1281
1353
406
1073
1581
691
560
1600
