880
873
872
126
866
874
987
142
451
3002
659
891
885
963
1601
1317
937
921
261
720
967
85
941
1262
964
1012
940
84
579
1003
760
1020
814
82
1461
1598
1240
1217
1271
1337
1567
1283
3299
965
410
1117
1061
936
942
748
998
1153
453
585
753
1588
922
1011
200
806
886
3155
649
102
1299
1004
1596
764
1226
824
1046
1276
1249
2787
2912
503
1513
970
605
1085
929
1014
537
1084
1028
1556
781
793
821
1210
1351
1295
985
984
1300
1234
1031
4959
213
1027
1051
610
869
774
637
90
1256
1237
1218
884
1290
996
1432
1244
1016
260
597
1013
1052
1340
807
182
456
1076
2855
696
4986
259
634
290
1019
812
263
847
646
1185
1211
916
136
701
908
1336
311
1067
571
778
883
1098
656
460
857
1177
3296
442
1293
1539
1257
1001
1070
272
894
281
1176
1542
1039
1343
642
1072
1589
829
1439
19
662
500
1059
654
1483
3187
759
1146
1253
1279
1231
758
661
1007
241
416
727
1585
461
966
215
1069
1200
943
353
116
870
1108
1152
1068
710
2975
1008
997
801
1422
1619
746
888
1486
154
826
988
124
1266
1161
1040
842
663
992
827
1154
268
1613
1541
288
1158
341
275
312
140
1553
1156
2973
919
1332
889
703
264
3309
1015
310
113
1205
879
918
1122
887
990
784
4982
773
1463
220
339
803
400
1599
591
1618
999
269
893
958
657
1614
1284
786
730
149
459
1023
100
1499
1055
210
1597
737
3318
725
750
632
976
809
1144
1473
1165
780
1030
1488
1540
627
1184
1145
628
949
3150
181
1105
556
285
1216
1063
1321
551
991
1064
1278
983
1036
995
665
300
327
92
1225
1136
1602
989
732
426
510
394
375
1586
393
1487
1044
412
468
1582
1006
3059
1368
911
1066
225
316
398
910
2982
1356
1482
265
729
715
1048
749
1492
1083
1456
1160
1045
205
1123
1062
349
951
1037
1345
372
830
1265
1510
195
1454
1354
588
723
11
286
1272
1042
3227
1168
397
3003
483
1583
616
148
1138
570
950
1302
1282
1338
1102
756
489
278
1348
419
633
1528
3228
1035
385
747
1360
822
1103
1568
639
1313
877
425
728
294
1114
230
291
4967
1314
352
1316
1038
772
247
455
1524
836
388
796
771
580
864
876
744
695
927
702
671
159
1034
522
221
141
504
734
138
1408
430
1021
171
1078
1029
562
396
267
1079
559
837
1054
1053
405
1420
2908
752
789
1277
283
896
690
434
392
603
276
4438
1155
648
1551
871
831
441
1077
705
83
209
1071
901
431
371
782
155
1047
429
1600
1352
542
212
1202
1433
1124
1172
248
1022
925
1056
595
222
1169
3190
1485
1192
1520
437
799
716
1088
486
338
1306
1406
763
240
823
106
1089
1392
289
454
805
175
361
1075
1241
463
635
1584
105
583
593
526
271
1193
719
1370
935
704
1018
569
641
1555
216
1133
1310
1449
