874
146
661
3002
873
880
968
966
142
1577
1218
2912
571
963
1145
1027
154
862
402
992
453
1553
741
1277
1355
3299
909
1498
1605
213
145
152
662
1290
900
964
940
147
1021
901
4360
0
1336
1237
828
1062
416
440
1524
869
1529
1300
1613
981
1528
1531
1476
1035
1064
714
1046
1500
3188
168
246
361
594
263
593
1435
790
1621
729
659
220
1015
1104
291
895
1480
141
1041
1078
1210
406
856
1184
193
930
1048
795
433
724
10
1559
1514
1595
1481
965
448
1160
1478
1347
767
178
974
3290
866
293
471
456
1554
1241
882
558
814
294
447
203
1598
896
1604
449
378
889
2705
843
4982
1561
917
82
979
1013
251
948
159
1168
1487
341
256
1119
24
1592
1088
1492
417
312
374
4282
926
1483
1360
1361
1342
1200
710
527
1037
822
716
951
397
1262
627
1499
832
222
237
1567
537
1434
230
826
1143
1082
207
89
1482
83
621
1267
1158
637
396
794
786
129
91
1309
425
1606
910
1389
408
3190
693
1450
336
430
1039
1505
753
1194
1129
924
1458
138
106
740
283
1339
1392
442
1329
236
380
372
923
494
399
347
875
184
1122
457
257
734
859
765
872
1467
439
820
936
1380
1582
878
455
1019
1006
1552
1203
153
1061
1518
1326
3155
1234
121
1526
1589
1479
773
1083
774
975
836
660
238
1493
528
384
149
254
161
709
1070
760
796
1583
1463
276
335
580
524
655
1587
214
1489
137
